{
 "cells": [
  {
   "cell_type": "markdown",
   "metadata": {},
   "source": [
    "# Descriptive statistics with NumPy\n",
    "https://engineering.ucsb.edu/~shell/che210d/numpy.pdf"
   ]
  },
  {
   "cell_type": "code",
   "execution_count": 136,
   "metadata": {
    "collapsed": true
   },
   "outputs": [],
   "source": [
    "import numpy as np"
   ]
  },
  {
   "cell_type": "code",
   "execution_count": 137,
   "metadata": {},
   "outputs": [
    {
     "name": "stdout",
     "output_type": "stream",
     "text": [
      "[[ 10.   14.   11.    7.    9.5  15.   19. ]\n",
      " [  8.    9.   17.   14.5  12.   18.   15.5]\n",
      " [ 15.    7.5  11.5  10.   10.5   7.   11. ]\n",
      " [ 11.5  11.    9.   12.   14.   12.    7.5]]\n"
     ]
    }
   ],
   "source": [
    "A = np.array([[10,14,11,7,9.5,15,19],[8,9,17,14.5,12,18,15.5],\n",
    "    [15,7.5,11.5,10,10.5,7,11],[11.5,11,9,12,14,12,7.5]])\n",
    "\n",
    "print A"
   ]
  },
  {
   "cell_type": "code",
   "execution_count": 138,
   "metadata": {},
   "outputs": [
    {
     "name": "stdout",
     "output_type": "stream",
     "text": [
      "[[ 10.    8.   15.   11.5]\n",
      " [ 14.    9.    7.5  11. ]\n",
      " [ 11.   17.   11.5   9. ]\n",
      " [  7.   14.5  10.   12. ]\n",
      " [  9.5  12.   10.5  14. ]\n",
      " [ 15.   18.    7.   12. ]\n",
      " [ 19.   15.5  11.    7.5]]\n"
     ]
    }
   ],
   "source": [
    "B = A.T\n",
    "\n",
    "print B"
   ]
  },
  {
   "cell_type": "code",
   "execution_count": 139,
   "metadata": {},
   "outputs": [
    {
     "data": {
      "text/plain": [
       "False"
      ]
     },
     "execution_count": 139,
     "metadata": {},
     "output_type": "execute_result"
    }
   ],
   "source": [
    "id(A)==id(B) #since A was transposed, B is no longer A."
   ]
  },
  {
   "cell_type": "markdown",
   "metadata": {},
   "source": [
    "## Mean\n",
    "\n",
    "```numpy.mean(a, axis=None, dtype=None)```\n",
    "\n",
    "* a: array containing numbers whose mean is required\n",
    "* axis: axis or axes along which the means are computed, \n",
    "    * default is to compute the mean of the flattened array\n",
    "* dtype: type of data to be used in calculations"
   ]
  },
  {
   "cell_type": "code",
   "execution_count": 140,
   "metadata": {},
   "outputs": [
    {
     "name": "stdout",
     "output_type": "stream",
     "text": [
      "11.75\n"
     ]
    }
   ],
   "source": [
    "print np.mean(B)"
   ]
  },
  {
   "cell_type": "code",
   "execution_count": 141,
   "metadata": {},
   "outputs": [
    {
     "name": "stdout",
     "output_type": "stream",
     "text": [
      "[ 12.21428571  13.42857143  10.35714286  11.        ]\n"
     ]
    }
   ],
   "source": [
    "print np.mean(B, axis=0)"
   ]
  },
  {
   "cell_type": "code",
   "execution_count": 142,
   "metadata": {},
   "outputs": [
    {
     "name": "stdout",
     "output_type": "stream",
     "text": [
      "[ 11.125  10.375  12.125  10.875  11.5    13.     13.25 ]\n"
     ]
    }
   ],
   "source": [
    "print np.mean(B, axis=1)"
   ]
  },
  {
   "cell_type": "markdown",
   "metadata": {},
   "source": [
    "In the above code, axis=0 calculates the mean along every column and axis=1 calculates it along every row of the array."
   ]
  },
  {
   "cell_type": "code",
   "execution_count": 143,
   "metadata": {},
   "outputs": [
    {
     "name": "stdout",
     "output_type": "stream",
     "text": [
      "11.75\n"
     ]
    }
   ],
   "source": [
    "print np.mean(A) #this should give the same answer as np.mean(B). Why?"
   ]
  },
  {
   "cell_type": "code",
   "execution_count": 144,
   "metadata": {},
   "outputs": [
    {
     "name": "stdout",
     "output_type": "stream",
     "text": [
      "[ 11.125  10.375  12.125  10.875  11.5    13.     13.25 ]\n"
     ]
    }
   ],
   "source": [
    "print np.mean(A, axis=0) \n",
    "#this should give the same answer as np.mean(B, axis=1)"
   ]
  },
  {
   "cell_type": "code",
   "execution_count": 145,
   "metadata": {},
   "outputs": [
    {
     "name": "stdout",
     "output_type": "stream",
     "text": [
      "[ 12.21428571  13.42857143  10.35714286  11.        ]\n"
     ]
    }
   ],
   "source": [
    "print np.mean(A, axis=1) \n",
    "#this should give the same answer as np.mean(B, axis=0)"
   ]
  },
  {
   "cell_type": "markdown",
   "metadata": {},
   "source": [
    "## Median\n",
    "```numpy.median(a, axis=None, out=None)```\n",
    "\n",
    "* a: array containing numbers whose median is required\n",
    "* axis: axis or axes along which the median is computed\n",
    "    * default is to compute the median of the flattened array\n",
    "* out: alternative output array to place the result, must have the same shape and buffer length as the expected output."
   ]
  },
  {
   "cell_type": "code",
   "execution_count": 146,
   "metadata": {
    "scrolled": true
   },
   "outputs": [
    {
     "name": "stdout",
     "output_type": "stream",
     "text": [
      "[[ 10.   14.   11.    7.    9.5  15.   19. ]\n",
      " [  8.    9.   17.   14.5  12.   18.   15.5]\n",
      " [ 15.    7.5  11.5  10.   10.5   7.   11. ]\n",
      " [ 11.5  11.    9.   12.   14.   12.    7.5]]\n"
     ]
    }
   ],
   "source": [
    "print A"
   ]
  },
  {
   "cell_type": "code",
   "execution_count": 147,
   "metadata": {
    "scrolled": false
   },
   "outputs": [
    {
     "name": "stdout",
     "output_type": "stream",
     "text": [
      "[[ 10.    8.   15.   11.5]\n",
      " [ 14.    9.    7.5  11. ]\n",
      " [ 11.   17.   11.5   9. ]\n",
      " [  7.   14.5  10.   12. ]\n",
      " [  9.5  12.   10.5  14. ]\n",
      " [ 15.   18.    7.   12. ]\n",
      " [ 19.   15.5  11.    7.5]]\n"
     ]
    }
   ],
   "source": [
    "print B"
   ]
  },
  {
   "cell_type": "code",
   "execution_count": 148,
   "metadata": {},
   "outputs": [
    {
     "name": "stdout",
     "output_type": "stream",
     "text": [
      "11.25\n",
      "11.25\n"
     ]
    }
   ],
   "source": [
    "print np.median(B)\n",
    "print np.median(A)"
   ]
  },
  {
   "cell_type": "code",
   "execution_count": 149,
   "metadata": {},
   "outputs": [
    {
     "name": "stdout",
     "output_type": "stream",
     "text": [
      "[ 11.   14.5  10.5  11.5]\n",
      "[ 11.   14.5  10.5  11.5]\n"
     ]
    }
   ],
   "source": [
    "print np.median(B, axis=0)\n",
    "print np.median(A, axis=1)"
   ]
  },
  {
   "cell_type": "code",
   "execution_count": 150,
   "metadata": {},
   "outputs": [
    {
     "name": "stdout",
     "output_type": "stream",
     "text": [
      "[ 10.75  10.    11.25  11.    11.25  13.5   13.25]\n",
      "[ 10.75  10.    11.25  11.    11.25  13.5   13.25]\n"
     ]
    }
   ],
   "source": [
    "print np.median(B, axis=1)\n",
    "print np.median(A, axis=0)"
   ]
  },
  {
   "cell_type": "markdown",
   "metadata": {},
   "source": [
    "## Mode\n",
    "\n",
    "```python\n",
    "scipy.stats.mstats.mode(a, axis=0)\n",
    "```\n",
    "\n",
    "* a: array containing numbers whose mode is required\n",
    "* axis: axis or axes along which the mode is computed\n",
    "    * default is 0\n",
    "    * if None, compute the mode of the flattened array\n",
    "\n",
    "It returns (```mode: array of modal values, count: array of counts for each mode```)."
   ]
  },
  {
   "cell_type": "code",
   "execution_count": 151,
   "metadata": {
    "scrolled": true
   },
   "outputs": [
    {
     "name": "stdout",
     "output_type": "stream",
     "text": [
      "[[ 10.   14.   11.    7.    9.5  15.   19. ]\n",
      " [  8.    9.   17.   14.5  12.   18.   15.5]\n",
      " [ 15.    7.5  11.5  10.   10.5   7.   11. ]\n",
      " [ 11.5  11.    9.   12.   14.   12.    7.5]]\n"
     ]
    }
   ],
   "source": [
    "print A"
   ]
  },
  {
   "cell_type": "code",
   "execution_count": 152,
   "metadata": {},
   "outputs": [
    {
     "name": "stdout",
     "output_type": "stream",
     "text": [
      "[[ 10.    8.   15.   11.5]\n",
      " [ 14.    9.    7.5  11. ]\n",
      " [ 11.   17.   11.5   9. ]\n",
      " [  7.   14.5  10.   12. ]\n",
      " [  9.5  12.   10.5  14. ]\n",
      " [ 15.   18.    7.   12. ]\n",
      " [ 19.   15.5  11.    7.5]]\n"
     ]
    }
   ],
   "source": [
    "print B"
   ]
  },
  {
   "cell_type": "code",
   "execution_count": 153,
   "metadata": {
    "collapsed": true
   },
   "outputs": [],
   "source": [
    "from scipy import stats"
   ]
  },
  {
   "cell_type": "code",
   "execution_count": 154,
   "metadata": {},
   "outputs": [
    {
     "name": "stdout",
     "output_type": "stream",
     "text": [
      "ModeResult(mode=array([[  7.,   8.,   7.,  12.]]), count=array([[1, 1, 1, 2]]))\n",
      "ModeResult(mode=array([[  7.,   8.,   7.,  12.]]), count=array([[1, 1, 1, 2]]))\n",
      "ModeResult(mode=array([ 11.]), count=array([3]))\n"
     ]
    }
   ],
   "source": [
    "print stats.mode(B)\n",
    "print stats.mode(B,axis=0) # this is the default\n",
    "print stats.mode(B,axis=None) # this is not the default"
   ]
  },
  {
   "cell_type": "code",
   "execution_count": 155,
   "metadata": {},
   "outputs": [
    {
     "name": "stdout",
     "output_type": "stream",
     "text": [
      "ModeResult(mode=array([[ 8. ,  7.5,  9. ,  7. ,  9.5,  7. ,  7.5]]), count=array([[1, 1, 1, 1, 1, 1, 1]]))\n",
      "ModeResult(mode=array([[ 8. ,  7.5,  9. ,  7. ,  9.5,  7. ,  7.5]]), count=array([[1, 1, 1, 1, 1, 1, 1]]))\n",
      "ModeResult(mode=array([ 11.]), count=array([3]))\n"
     ]
    }
   ],
   "source": [
    "print stats.mode(A)\n",
    "print stats.mode(A,axis=0) # this is the default\n",
    "print stats.mode(B,axis=None) # this is not the default"
   ]
  },
  {
   "cell_type": "code",
   "execution_count": 156,
   "metadata": {},
   "outputs": [
    {
     "name": "stdout",
     "output_type": "stream",
     "text": [
      "ModeResult(mode=array([[  7.,   8.,   7.,  12.]]), count=array([[1, 1, 1, 2]]))\n",
      "ModeResult(mode=array([[  7.],\n",
      "       [  8.],\n",
      "       [  7.],\n",
      "       [ 12.]]), count=array([[1],\n",
      "       [1],\n",
      "       [1],\n",
      "       [2]]))\n"
     ]
    }
   ],
   "source": [
    "print stats.mode(B,axis=0)\n",
    "print stats.mode(A,axis=1)"
   ]
  },
  {
   "cell_type": "code",
   "execution_count": 157,
   "metadata": {},
   "outputs": [
    {
     "name": "stdout",
     "output_type": "stream",
     "text": [
      "ModeResult(mode=array([[ 8. ],\n",
      "       [ 7.5],\n",
      "       [ 9. ],\n",
      "       [ 7. ],\n",
      "       [ 9.5],\n",
      "       [ 7. ],\n",
      "       [ 7.5]]), count=array([[1],\n",
      "       [1],\n",
      "       [1],\n",
      "       [1],\n",
      "       [1],\n",
      "       [1],\n",
      "       [1]]))\n",
      "ModeResult(mode=array([[ 8. ,  7.5,  9. ,  7. ,  9.5,  7. ,  7.5]]), count=array([[1, 1, 1, 1, 1, 1, 1]]))\n"
     ]
    }
   ],
   "source": [
    "print stats.mode(B,axis=1)\n",
    "print stats.mode(A,axis=0)"
   ]
  },
  {
   "cell_type": "markdown",
   "metadata": {},
   "source": [
    "## Range\n",
    "\n",
    "\n",
    "```python\n",
    "numpy.ptp(a, axis=None, out=None)```\n",
    "\n",
    "'ptp' stands for 'peak to peak'.\n",
    "* a: array containing numbers whose range is required\n",
    "* axis: axis or axes along which the range is computed, \n",
    "   * default is to compute the range of the flattened array. \n",
    "\n",
    "It returns a new array with the result."
   ]
  },
  {
   "cell_type": "code",
   "execution_count": 158,
   "metadata": {},
   "outputs": [
    {
     "name": "stdout",
     "output_type": "stream",
     "text": [
      "[[ 10.   14.   11.    7.    9.5  15.   19. ]\n",
      " [  8.    9.   17.   14.5  12.   18.   15.5]\n",
      " [ 15.    7.5  11.5  10.   10.5   7.   11. ]\n",
      " [ 11.5  11.    9.   12.   14.   12.    7.5]]\n"
     ]
    }
   ],
   "source": [
    "print A"
   ]
  },
  {
   "cell_type": "code",
   "execution_count": 159,
   "metadata": {},
   "outputs": [
    {
     "name": "stdout",
     "output_type": "stream",
     "text": [
      "[[ 10.    8.   15.   11.5]\n",
      " [ 14.    9.    7.5  11. ]\n",
      " [ 11.   17.   11.5   9. ]\n",
      " [  7.   14.5  10.   12. ]\n",
      " [  9.5  12.   10.5  14. ]\n",
      " [ 15.   18.    7.   12. ]\n",
      " [ 19.   15.5  11.    7.5]]\n"
     ]
    }
   ],
   "source": [
    "print B"
   ]
  },
  {
   "cell_type": "code",
   "execution_count": 160,
   "metadata": {},
   "outputs": [
    {
     "name": "stdout",
     "output_type": "stream",
     "text": [
      "12.0\n",
      "12.0\n"
     ]
    }
   ],
   "source": [
    "print np.ptp(B)\n",
    "print np.ptp(A)\n",
    "# the max value is 19\n",
    "# the min value is 7\n",
    "# range is max-min = 19-7 = 12"
   ]
  },
  {
   "cell_type": "code",
   "execution_count": 161,
   "metadata": {},
   "outputs": [
    {
     "name": "stdout",
     "output_type": "stream",
     "text": [
      "[ 12.   10.    8.    6.5]\n",
      "[ 12.   10.    8.    6.5]\n"
     ]
    }
   ],
   "source": [
    "print np.ptp(B,axis=0)\n",
    "print np.ptp(A,axis=1)"
   ]
  },
  {
   "cell_type": "code",
   "execution_count": 162,
   "metadata": {},
   "outputs": [
    {
     "name": "stdout",
     "output_type": "stream",
     "text": [
      "[  7.    6.5   8.    7.5   4.5  11.   11.5]\n",
      "[  7.    6.5   8.    7.5   4.5  11.   11.5]\n"
     ]
    }
   ],
   "source": [
    "print np.ptp(B,axis=1)\n",
    "print np.ptp(A,axis=0)"
   ]
  },
  {
   "cell_type": "markdown",
   "metadata": {},
   "source": [
    "## Variance\n",
    "\n",
    "Variance can be calculated in python using different libraries like numpy, pandas, and statistics.\n",
    "\n",
    "```python\n",
    "numpy.var(a, axis=None, dtype=None, ddof=0)\n",
    "```\n",
    "\n",
    "* a: array containing numbers whose variance is required\n",
    "* axis: axis or axes along which the variances are computed, default is to compute the mean of the flattened array\n",
    "* ddof : int, optional\n",
    "    * ddof stands for delta degrees of freedom. It is the divisor used in the calculation, which is N - ddof, where N is the number of elements. \n",
    "    * The default value of ddof is 0."
   ]
  },
  {
   "cell_type": "code",
   "execution_count": 163,
   "metadata": {},
   "outputs": [
    {
     "name": "stdout",
     "output_type": "stream",
     "text": [
      "[[ 10.   14.   11.    7.    9.5  15.   19. ]\n",
      " [  8.    9.   17.   14.5  12.   18.   15.5]\n",
      " [ 15.    7.5  11.5  10.   10.5   7.   11. ]\n",
      " [ 11.5  11.    9.   12.   14.   12.    7.5]]\n"
     ]
    }
   ],
   "source": [
    "print A"
   ]
  },
  {
   "cell_type": "code",
   "execution_count": 164,
   "metadata": {
    "scrolled": true
   },
   "outputs": [
    {
     "name": "stdout",
     "output_type": "stream",
     "text": [
      "[[ 10.    8.   15.   11.5]\n",
      " [ 14.    9.    7.5  11. ]\n",
      " [ 11.   17.   11.5   9. ]\n",
      " [  7.   14.5  10.   12. ]\n",
      " [  9.5  12.   10.5  14. ]\n",
      " [ 15.   18.    7.   12. ]\n",
      " [ 19.   15.5  11.    7.5]]\n"
     ]
    }
   ],
   "source": [
    "print B"
   ]
  },
  {
   "cell_type": "code",
   "execution_count": 165,
   "metadata": {},
   "outputs": [
    {
     "name": "stdout",
     "output_type": "stream",
     "text": [
      "10.6160714286\n",
      "10.6160714286\n"
     ]
    }
   ],
   "source": [
    "print np.var(B)\n",
    "print np.var(A)"
   ]
  },
  {
   "cell_type": "code",
   "execution_count": 166,
   "metadata": {},
   "outputs": [
    {
     "name": "stdout",
     "output_type": "stream",
     "text": [
      "[ 13.98979592  12.8877551    6.12244898   3.92857143]\n",
      "[ 13.98979592  12.8877551    6.12244898   3.92857143]\n",
      "[  6.546875   5.921875   8.796875   7.546875   2.875     16.5       19.0625  ]\n",
      "[  6.546875   5.921875   8.796875   7.546875   2.875     16.5       19.0625  ]\n"
     ]
    }
   ],
   "source": [
    "print np.var(B,axis=0)\n",
    "print np.var(A,axis=1)\n",
    "\n",
    "print np.var(B,axis=1)\n",
    "print np.var(A,axis=0)"
   ]
  },
  {
   "cell_type": "markdown",
   "metadata": {},
   "source": [
    "## Standard Deviation\n",
    "\n",
    "...the square root of variance.\n",
    "\n",
    "It can be calculated in python using different libraries like numpy, pandas, and statistics.\n",
    "\n",
    "```python\n",
    "numpy.std(a, axis=None, dtype=None, ddof=0)\n",
    "```\n",
    "Parameters are the same as ```numpy.var()```.\n",
    "\n",
    "* a: array containing numbers whose standard deviation is required\n",
    "* axis: axis or axes along which the standard deviations are computed, default is to compute the mean of the flattened array\n",
    "* ddof : int, optional\n",
    "    * ddof stands for delta degrees of freedom. It is the divisor used in the calculation, which is N - ddof, where N is the number of elements. \n",
    "    * The default value of ddof is 0."
   ]
  },
  {
   "cell_type": "code",
   "execution_count": 167,
   "metadata": {},
   "outputs": [
    {
     "name": "stdout",
     "output_type": "stream",
     "text": [
      "[[ 10.   14.   11.    7.    9.5  15.   19. ]\n",
      " [  8.    9.   17.   14.5  12.   18.   15.5]\n",
      " [ 15.    7.5  11.5  10.   10.5   7.   11. ]\n",
      " [ 11.5  11.    9.   12.   14.   12.    7.5]]\n"
     ]
    }
   ],
   "source": [
    "print A"
   ]
  },
  {
   "cell_type": "code",
   "execution_count": 168,
   "metadata": {
    "scrolled": false
   },
   "outputs": [
    {
     "name": "stdout",
     "output_type": "stream",
     "text": [
      "[[ 10.    8.   15.   11.5]\n",
      " [ 14.    9.    7.5  11. ]\n",
      " [ 11.   17.   11.5   9. ]\n",
      " [  7.   14.5  10.   12. ]\n",
      " [  9.5  12.   10.5  14. ]\n",
      " [ 15.   18.    7.   12. ]\n",
      " [ 19.   15.5  11.    7.5]]\n"
     ]
    }
   ],
   "source": [
    "print B"
   ]
  },
  {
   "cell_type": "code",
   "execution_count": 169,
   "metadata": {},
   "outputs": [
    {
     "name": "stdout",
     "output_type": "stream",
     "text": [
      "3.25823133442\n",
      "3.25823133442\n"
     ]
    }
   ],
   "source": [
    "print np.std(B)\n",
    "print np.std(A)"
   ]
  },
  {
   "cell_type": "code",
   "execution_count": 170,
   "metadata": {},
   "outputs": [
    {
     "name": "stdout",
     "output_type": "stream",
     "text": [
      "[ 3.74029356  3.58995196  2.4743583   1.98206242]\n",
      "[ 3.74029356  3.58995196  2.4743583   1.98206242]\n",
      "[ 2.55868619  2.43349029  2.96595263  2.74715762  1.6955825   4.0620192\n",
      "  4.3660623 ]\n",
      "[ 2.55868619  2.43349029  2.96595263  2.74715762  1.6955825   4.0620192\n",
      "  4.3660623 ]\n"
     ]
    }
   ],
   "source": [
    "print np.std(B,axis=0)\n",
    "print np.std(A,axis=1)\n",
    "\n",
    "print np.std(B,axis=1)\n",
    "print np.std(A,axis=0)"
   ]
  },
  {
   "cell_type": "markdown",
   "metadata": {},
   "source": [
    "## Skewness\n",
    "\n",
    "```python\n",
    "scipy.stats.skew(a, axis=0)\n",
    "```\n",
    "\n",
    "For normally distributed data, the skewness should be about 0. A skewness value > 0 means that there is more weight in the left tail of the distribution."
   ]
  },
  {
   "cell_type": "code",
   "execution_count": 171,
   "metadata": {},
   "outputs": [
    {
     "name": "stdout",
     "output_type": "stream",
     "text": [
      "[[ 10.    8.   15.   11.5]\n",
      " [ 14.    9.    7.5  11. ]\n",
      " [ 11.   17.   11.5   9. ]\n",
      " [  7.   14.5  10.   12. ]\n",
      " [  9.5  12.   10.5  14. ]\n",
      " [ 15.   18.    7.   12. ]\n",
      " [ 19.   15.5  11.    7.5]]\n"
     ]
    }
   ],
   "source": [
    "print B"
   ]
  },
  {
   "cell_type": "code",
   "execution_count": 172,
   "metadata": {
    "collapsed": true
   },
   "outputs": [],
   "source": [
    "# from scipy import stats"
   ]
  },
  {
   "cell_type": "code",
   "execution_count": 173,
   "metadata": {},
   "outputs": [
    {
     "name": "stdout",
     "output_type": "stream",
     "text": [
      "[ 0.45143419 -0.30426514  0.38321624 -0.39903339]\n",
      "[ 0.45143419 -0.30426514  0.38321624 -0.39903339]\n",
      "[ 0.45143419 -0.30426514  0.38321624 -0.39903339]\n",
      "[ 0.3924579   0.37325456  0.80172768 -0.11813453  0.34616807 -0.3133238   0.        ]\n",
      "[ 0.3924579   0.37325456  0.80172768 -0.11813453  0.34616807 -0.3133238   0.        ]\n",
      "[ 0.3924579   0.37325456  0.80172768 -0.11813453  0.34616807 -0.3133238   0.        ]\n",
      "0.461921239742\n",
      "0.461921239742\n"
     ]
    }
   ],
   "source": [
    "print stats.skew(B)\n",
    "print stats.skew(B, axis=0)\n",
    "print stats.skew(A, axis=1)\n",
    "\n",
    "print stats.skew(B, axis=1)\n",
    "print stats.skew(A, axis=0)\n",
    "print stats.skew(A)\n",
    "\n",
    "print stats.skew(B, axis=None)\n",
    "print stats.skew(A, axis=None)"
   ]
  },
  {
   "cell_type": "markdown",
   "metadata": {},
   "source": [
    "# Seaborn"
   ]
  },
  {
   "cell_type": "code",
   "execution_count": 174,
   "metadata": {
    "collapsed": true
   },
   "outputs": [],
   "source": [
    "import seaborn as sns\n",
    "import matplotlib.pyplot as plt\n",
    "%matplotlib inline"
   ]
  },
  {
   "cell_type": "code",
   "execution_count": 175,
   "metadata": {},
   "outputs": [
    {
     "name": "stdout",
     "output_type": "stream",
     "text": [
      "<class 'pandas.core.frame.DataFrame'>\n",
      "     total_bill   tip     sex smoker   day    time  size\n",
      "0         16.99  1.01  Female     No   Sun  Dinner     2\n",
      "1         10.34  1.66    Male     No   Sun  Dinner     3\n",
      "2         21.01  3.50    Male     No   Sun  Dinner     3\n",
      "3         23.68  3.31    Male     No   Sun  Dinner     2\n",
      "4         24.59  3.61  Female     No   Sun  Dinner     4\n",
      "5         25.29  4.71    Male     No   Sun  Dinner     4\n",
      "6          8.77  2.00    Male     No   Sun  Dinner     2\n",
      "7         26.88  3.12    Male     No   Sun  Dinner     4\n",
      "8         15.04  1.96    Male     No   Sun  Dinner     2\n",
      "9         14.78  3.23    Male     No   Sun  Dinner     2\n",
      "10        10.27  1.71    Male     No   Sun  Dinner     2\n",
      "11        35.26  5.00  Female     No   Sun  Dinner     4\n",
      "12        15.42  1.57    Male     No   Sun  Dinner     2\n",
      "13        18.43  3.00    Male     No   Sun  Dinner     4\n",
      "14        14.83  3.02  Female     No   Sun  Dinner     2\n",
      "15        21.58  3.92    Male     No   Sun  Dinner     2\n",
      "16        10.33  1.67  Female     No   Sun  Dinner     3\n",
      "17        16.29  3.71    Male     No   Sun  Dinner     3\n",
      "18        16.97  3.50  Female     No   Sun  Dinner     3\n",
      "19        20.65  3.35    Male     No   Sat  Dinner     3\n",
      "20        17.92  4.08    Male     No   Sat  Dinner     2\n",
      "21        20.29  2.75  Female     No   Sat  Dinner     2\n",
      "22        15.77  2.23  Female     No   Sat  Dinner     2\n",
      "23        39.42  7.58    Male     No   Sat  Dinner     4\n",
      "24        19.82  3.18    Male     No   Sat  Dinner     2\n",
      "25        17.81  2.34    Male     No   Sat  Dinner     4\n",
      "26        13.37  2.00    Male     No   Sat  Dinner     2\n",
      "27        12.69  2.00    Male     No   Sat  Dinner     2\n",
      "28        21.70  4.30    Male     No   Sat  Dinner     2\n",
      "29        19.65  3.00  Female     No   Sat  Dinner     2\n",
      "..          ...   ...     ...    ...   ...     ...   ...\n",
      "214       28.17  6.50  Female    Yes   Sat  Dinner     3\n",
      "215       12.90  1.10  Female    Yes   Sat  Dinner     2\n",
      "216       28.15  3.00    Male    Yes   Sat  Dinner     5\n",
      "217       11.59  1.50    Male    Yes   Sat  Dinner     2\n",
      "218        7.74  1.44    Male    Yes   Sat  Dinner     2\n",
      "219       30.14  3.09  Female    Yes   Sat  Dinner     4\n",
      "220       12.16  2.20    Male    Yes   Fri   Lunch     2\n",
      "221       13.42  3.48  Female    Yes   Fri   Lunch     2\n",
      "222        8.58  1.92    Male    Yes   Fri   Lunch     1\n",
      "223       15.98  3.00  Female     No   Fri   Lunch     3\n",
      "224       13.42  1.58    Male    Yes   Fri   Lunch     2\n",
      "225       16.27  2.50  Female    Yes   Fri   Lunch     2\n",
      "226       10.09  2.00  Female    Yes   Fri   Lunch     2\n",
      "227       20.45  3.00    Male     No   Sat  Dinner     4\n",
      "228       13.28  2.72    Male     No   Sat  Dinner     2\n",
      "229       22.12  2.88  Female    Yes   Sat  Dinner     2\n",
      "230       24.01  2.00    Male    Yes   Sat  Dinner     4\n",
      "231       15.69  3.00    Male    Yes   Sat  Dinner     3\n",
      "232       11.61  3.39    Male     No   Sat  Dinner     2\n",
      "233       10.77  1.47    Male     No   Sat  Dinner     2\n",
      "234       15.53  3.00    Male    Yes   Sat  Dinner     2\n",
      "235       10.07  1.25    Male     No   Sat  Dinner     2\n",
      "236       12.60  1.00    Male    Yes   Sat  Dinner     2\n",
      "237       32.83  1.17    Male    Yes   Sat  Dinner     2\n",
      "238       35.83  4.67  Female     No   Sat  Dinner     3\n",
      "239       29.03  5.92    Male     No   Sat  Dinner     3\n",
      "240       27.18  2.00  Female    Yes   Sat  Dinner     2\n",
      "241       22.67  2.00    Male    Yes   Sat  Dinner     2\n",
      "242       17.82  1.75    Male     No   Sat  Dinner     2\n",
      "243       18.78  3.00  Female     No  Thur  Dinner     2\n",
      "\n",
      "[244 rows x 7 columns]\n"
     ]
    }
   ],
   "source": [
    "sns.set(color_codes=True)\n",
    "\n",
    "tips = sns.load_dataset(\"tips\") #this dataset comes pre-loaded when you install seaborn\n",
    "print type(tips)\n",
    "print tips"
   ]
  },
  {
   "cell_type": "code",
   "execution_count": 176,
   "metadata": {},
   "outputs": [
    {
     "data": {
      "text/plain": [
       "<seaborn.axisgrid.FacetGrid at 0x118704890>"
      ]
     },
     "execution_count": 176,
     "metadata": {},
     "output_type": "execute_result"
    },
    {
     "data": {
